0  1
0  408
0  436
0  456
1  409
1  437
1  457
2  4
2  412
2  432
2  460
3  5
3  413
3  433
3  461
4  414
4  434
4  462
5  415
5  435
5  463
6  7
6  410
6  438
6  458
7  411
7  439
7  459
8  12
8  416
8  440
8  464
9  13
9  417
9  441
9  465
10  14
10  418
10  442
10  466
11  15
11  419
11  443
11  467
12  420
12  444
12  468
13  421
13  445
13  469
14  422
14  446
14  470
15  423
15  447
15  471
16  17
16  428
16  448
16  476
17  429
17  449
17  477
18  20
18  424
18  452
18  472
19  21
19  425
19  453
19  473
20  426
20  454
20  474
21  427
21  455
21  475
22  23
22  430
22  450
22  478
23  431
23  451
23  479
24  32
24  480
24  484
24  488
25  33
25  481
25  485
25  489
26  34
26  482
26  486
26  490
27  35
27  483
27  487
27  491
28  36
28  492
28  496
28  500
29  37
29  493
29  497
29  501
30  38
30  494
30  498
30  502
31  39
31  495
31  499
31  503
32  504
32  508
32  512
33  505
33  509
33  513
34  506
34  510
34  514
35  507
35  511
35  515
36  516
36  520
36  524
37  517
37  521
37  525
38  518
38  522
38  526
39  519
39  523
39  527
40  41
40  528
40  556
40  576
41  529
41  557
41  577
42  44
42  532
42  552
42  580
43  45
43  533
43  553
43  581
44  534
44  554
44  582
45  535
45  555
45  583
46  47
46  530
46  558
46  578
47  531
47  559
47  579
48  52
48  536
48  560
48  584
49  53
49  537
49  561
49  585
50  54
50  538
50  562
50  586
51  55
51  539
51  563
51  587
52  540
52  564
52  588
53  541
53  565
53  589
54  542
54  566
54  590
55  543
55  567
55  591
56  57
56  548
56  568
56  596
57  549
57  569
57  597
58  60
58  544
58  572
58  592
59  61
59  545
59  573
59  593
60  546
60  574
60  594
61  547
61  575
61  595
62  63
62  550
62  570
62  598
63  551
63  571
63  599
64  312
64  313
64  324
64  325
65  316
65  317
65  326
65  332
66  314
66  320
66  328
66  330
67  315
67  321
67  329
67  331
68  318
68  319
68  327
68  333
69  322
69  323
69  334
69  335
70  336
70  352
70  353
70  372
71  338
71  348
71  350
71  374
72  339
72  349
72  351
72  375
73  337
73  354
73  355
73  373
74  340
74  356
74  360
74  376
75  341
75  357
75  361
75  377
76  342
76  358
76  362
76  378
77  343
77  359
77  363
77  379
78  346
78  364
78  365
78  382
79  344
79  368
79  370
79  380
80  345
80  369
80  371
80  381
81  347
81  366
81  367
81  383
82  384
82  385
82  396
82  397
83  386
83  392
83  400
83  401
84  388
84  390
84  398
84  404
85  389
85  391
85  399
85  405
86  387
86  393
86  402
86  403
87  394
87  395
87  406
87  407
88  152
88  408
88  412
88  416
89  153
89  409
89  413
89  417
90  154
90  410
90  414
90  418
91  155
91  411
91  415
91  419
92  156
92  420
92  424
92  428
93  157
93  421
93  425
93  429
94  158
94  422
94  426
94  430
95  159
95  423
95  427
95  431
96  160
96  432
96  456
96  480
97  161
97  433
97  457
97  481
98  162
98  434
98  458
98  482
99  163
99  435
99  459
99  483
100  164
100  436
100  464
100  484
101  165
101  437
101  465
101  485
102  166
102  440
102  460
102  488
103  167
103  441
103  461
103  489
104  168
104  442
104  462
104  490
105  169
105  443
105  463
105  491
106  170
106  438
106  466
106  486
107  171
107  439
107  467
107  487
108  172
108  448
108  468
108  496
109  173
109  449
109  469
109  497
110  174
110  444
110  472
110  492
111  175
111  445
111  473
111  493
112  176
112  446
112  474
112  494
113  177
113  447
113  475
113  495
114  178
114  450
114  470
114  498
115  179
115  451
115  471
115  499
116  180
116  452
116  476
116  500
117  181
117  453
117  477
117  501
118  182
118  454
118  478
118  502
119  183
119  455
119  479
119  503
120  184
120  504
120  528
120  552
121  185
121  505
121  529
121  553
122  186
122  506
122  530
122  554
123  187
123  507
123  531
123  555
124  188
124  508
124  536
124  556
125  189
125  509
125  537
125  557
126  190
126  512
126  532
126  560
127  191
127  513
127  533
127  561
128  192
128  514
128  534
128  562
129  193
129  515
129  535
129  563
130  194
130  510
130  538
130  558
131  195
131  511
131  539
131  559
132  196
132  520
132  540
132  568
133  197
133  521
133  541
133  569
134  198
134  516
134  544
134  564
135  199
135  517
135  545
135  565
136  200
136  518
136  546
136  566
137  201
137  519
137  547
137  567
138  202
138  522
138  542
138  570
139  203
139  523
139  543
139  571
140  204
140  524
140  548
140  572
141  205
141  525
141  549
141  573
142  206
142  526
142  550
142  574
143  207
143  527
143  551
143  575
144  208
144  576
144  580
144  584
145  209
145  577
145  581
145  585
146  210
146  578
146  582
146  586
147  211
147  579
147  583
147  587
148  212
148  588
148  592
148  596
149  213
149  589
149  593
149  597
150  214
150  590
150  594
150  598
151  215
151  591
151  595
151  599
152  216
152  218
152  220
153  216
153  219
153  221
154  217
154  218
154  222
155  217
155  219
155  223
156  220
156  224
156  226
157  221
157  225
157  226
158  222
158  224
158  227
159  223
159  225
159  227
160  228
160  240
160  252
161  229
161  240
161  253
162  228
162  241
162  254
163  229
163  241
163  255
164  230
164  244
164  256
165  230
165  245
165  257
166  232
166  242
166  260
167  233
167  243
167  261
168  234
168  242
168  262
169  235
169  243
169  263
170  231
170  246
170  258
171  231
171  247
171  259
172  236
172  244
172  268
173  236
173  245
173  269
174  232
174  248
174  264
175  233
175  249
175  265
176  234
176  248
176  266
177  235
177  249
177  267
178  237
178  246
178  270
179  237
179  247
179  271
180  238
180  250
180  272
181  239
181  250
181  273
182  238
182  251
182  274
183  239
183  251
183  275
184  252
184  276
184  288
185  253
185  276
185  289
186  254
186  277
186  288
187  255
187  277
187  289
188  256
188  280
188  290
189  257
189  281
189  290
190  260
190  278
190  292
191  261
191  279
191  293
192  262
192  278
192  294
193  263
193  279
193  295
194  258
194  282
194  291
195  259
195  283
195  291
196  268
196  280
196  296
197  269
197  281
197  296
198  264
198  284
198  292
199  265
199  285
199  293
200  266
200  284
200  294
201  267
201  285
201  295
202  270
202  282
202  297
203  271
203  283
203  297
204  272
204  286
204  298
205  273
205  286
205  299
206  274
206  287
206  298
207  275
207  287
207  299
208  300
208  302
208  304
209  300
209  303
209  305
210  301
210  302
210  306
211  301
211  303
211  307
212  304
212  308
212  310
213  305
213  309
213  310
214  306
214  308
214  311
215  307
215  309
215  311
216  217
216  312
217  313
218  224
218  314
219  225
219  315
220  221
220  316
221  317
222  223
222  318
223  319
224  320
225  321
226  227
226  322
227  323
228  229
228  324
229  325
230  236
230  326
231  237
231  327
232  234
232  328
233  235
233  329
234  330
235  331
236  332
237  333
238  239
238  334
239  335
240  276
240  336
241  277
241  337
242  278
242  338
243  279
243  339
244  280
244  340
245  281
245  341
246  282
246  342
247  283
247  343
248  284
248  344
249  285
249  345
250  286
250  346
251  287
251  347
252  254
252  348
253  255
253  349
254  350
255  351
256  257
256  352
257  353
258  259
258  354
259  355
260  264
260  356
261  265
261  357
262  266
262  358
263  267
263  359
264  360
265  361
266  362
267  363
268  269
268  364
269  365
270  271
270  366
271  367
272  274
272  368
273  275
273  369
274  370
275  371
276  372
277  373
278  374
279  375
280  376
281  377
282  378
283  379
284  380
285  381
286  382
287  383
288  289
288  384
289  385
290  296
290  386
291  297
291  387
292  294
292  388
293  295
293  389
294  390
295  391
296  392
297  393
298  299
298  394
299  395
300  301
300  396
301  397
302  308
302  398
303  309
303  399
304  305
304  400
305  401
306  307
306  402
307  403
308  404
309  405
310  311
310  406
311  407
312  408
312  409
313  410
313  411
314  412
314  414
315  413
315  415
316  416
316  420
317  417
317  421
318  418
318  422
319  419
319  423
320  424
320  426
321  425
321  427
322  428
322  429
323  430
323  431
324  432
324  434
325  433
325  435
326  436
326  437
327  438
327  439
328  440
328  444
329  441
329  445
330  442
330  446
331  443
331  447
332  448
332  449
333  450
333  451
334  452
334  454
335  453
335  455
336  456
336  457
337  458
337  459
338  460
338  462
339  461
339  463
340  464
340  468
341  465
341  469
342  466
342  470
343  467
343  471
344  472
344  474
345  473
345  475
346  476
346  477
347  478
347  479
348  480
348  504
349  481
349  505
350  482
350  506
351  483
351  507
352  484
352  508
353  485
353  509
354  486
354  510
355  487
355  511
356  488
356  512
357  489
357  513
358  490
358  514
359  491
359  515
360  492
360  516
361  493
361  517
362  494
362  518
363  495
363  519
364  496
364  520
365  497
365  521
366  498
366  522
367  499
367  523
368  500
368  524
369  501
369  525
370  502
370  526
371  503
371  527
372  528
372  529
373  530
373  531
374  532
374  534
375  533
375  535
376  536
376  540
377  537
377  541
378  538
378  542
379  539
379  543
380  544
380  546
381  545
381  547
382  548
382  549
383  550
383  551
384  552
384  554
385  553
385  555
386  556
386  557
387  558
387  559
388  560
388  564
389  561
389  565
390  562
390  566
391  563
391  567
392  568
392  569
393  570
393  571
394  572
394  574
395  573
395  575
396  576
396  577
397  578
397  579
398  580
398  582
399  581
399  583
400  584
400  588
401  585
401  589
402  586
402  590
403  587
403  591
404  592
404  594
405  593
405  595
406  596
406  597
407  598
407  599
408  432
409  433
410  434
411  435
412  440
413  441
414  442
415  443
416  436
417  437
418  438
419  439
420  448
421  449
422  450
423  451
424  444
425  445
426  446
427  447
428  452
429  453
430  454
431  455
456  484
457  485
458  486
459  487
460  480
461  481
462  482
463  483
464  488
465  489
466  490
467  491
468  492
469  493
470  494
471  495
472  500
473  501
474  502
475  503
476  496
477  497
478  498
479  499
504  532
505  533
506  534
507  535
508  528
509  529
510  530
511  531
512  536
513  537
514  538
515  539
516  540
517  541
518  542
519  543
520  548
521  549
522  550
523  551
524  544
525  545
526  546
527  547
552  576
553  577
554  578
555  579
556  584
557  585
558  586
559  587
560  580
561  581
562  582
563  583
564  592
565  593
566  594
567  595
568  588
569  589
570  590
571  591
572  596
573  597
574  598
575  599
